499500
246929
499500
250761
499500
245057
499500
242304
499500
255704
499500
241109
499500
240499
499500
242700
499500
253255
499500
243083
499500
246434
499500
245344
499500
250561
499500
259903
499500
255693
499500
246794
499500
251986
499500
245882
499500
256307
499500
244855
499500
254261
499500
248124
499500
242568
499500
247950
499500
261986
499500
248565
499500
245660
499500
256672
499500
246619
499500
251070
499500
256150
499500
259707
499500
254381
499500
248017
499500
243434
499500
253842
499500
234707
499500
255629
499500
250232
499500
257860
499500
245174
499500
251445
499500
255872
499500
246799
499500
251702
499500
252344
499500
244916
499500
251039
499500
251400
499500
242166
499500
246649
499500
246368
499500
257822
499500
242714
499500
253349
499500
251365
499500
250022
499500
249906
499500
246741
499500
254594
499500
248600
499500
256432
499500
245867
499500
247150
499500
245295
499500
238216
499500
247548
499500
253789
499500
248574
499500
240707
499500
243146
499500
258003
499500
246531
499500
237916
499500
259676
499500
256141
499500
251601
499500
255721
499500
244161
499500
250263
499500
250861
499500
249032
499500
249255
499500
250134
499500
247977
499500
256148
499500
242424
499500
245382
499500
257782
499500
255505
499500
246377
499500
255262
499500
244535
499500
241965
499500
251767
499500
245740
499500
249153
499500
258921
499500
246978
499500
249461
1999000
1003083
1999000
986424
1999000
972975
1999000
1007012
1999000
978835
1999000
974754
1999000
992846
1999000
988258
1999000
992344
1999000
1008182
1999000
985663
1999000
984598
1999000
1004738
1999000
987275
1999000
1003318
1999000
993540
1999000
989450
1999000
995354
1999000
995282
1999000
996683
1999000
993440
1999000
988979
1999000
961985
1999000
1010746
1999000
991928
1999000
1032574
1999000
1000816
1999000
981890
1999000
998898
1999000
995631
1999000
988490
1999000
982872
1999000
991657
1999000
992949
1999000
1030921
1999000
992962
1999000
992016
1999000
974738
1999000
979502
1999000
1026543
1999000
968408
1999000
965031
1999000
999171
1999000
1008657
1999000
1038265
1999000
1006229
1999000
967317
1999000
1016494
1999000
1006800
1999000
984825
1999000
976923
1999000
1000931
1999000
1012401
1999000
1005969
1999000
987349
1999000
1001384
1999000
1004552
1999000
982185
1999000
1001825
1999000
1002333
1999000
1005008
1999000
994905
1999000
1008626
1999000
1011175
1999000
1013472
1999000
1020556
1999000
1000125
1999000
1018290
1999000
1003317
1999000
987667
1999000
1008473
1999000
1027425
1999000
1005924
1999000
1028224
1999000
1000127
1999000
985370
1999000
997208
1999000
1022066
1999000
961830
1999000
987201
1999000
1017496
1999000
1007382
1999000
968113
1999000
1020183
1999000
994531
1999000
998415
1999000
1008137
1999000
1005217
1999000
1004066
1999000
981247
1999000
977813
1999000
1011136
1999000
1026338
1999000
999646
1999000
960280
1999000
997854
1999000
992690
1999000
984136
1999000
996443
1999000
1018721
4498500
2308124
4498500
2216604
4498500
2263865
4498500
2256388
4498500
2282972
4498500
2253895
4498500
2261930
4498500
2301874
4498500
2247336
4498500
2208099
4498500
2233080
4498500
2261311
4498500
2274110
4498500
2242054
4498500
2262266
4498500
2294120
4498500
2253201
4498500
2235577
4498500
2198798
4498500
2256411
4498500
2236724
4498500
2263843
4498500
2302124
4498500
2227953
4498500
2312046
4498500
2234016
4498500
2262207
4498500
2211701
4498500
2239049
4498500
2268272
4498500
2217385
4498500
2284110
4498500
2279079
4498500
2230501
4498500
2233249
4498500
2263933
4498500
2254236
4498500
2252371
4498500
2261235
4498500
2225782
4498500
2204313
4498500
2269870
4498500
2247393
4498500
2189775
4498500
2305148
4498500
2227072
4498500
2268140
4498500
2295356
4498500
2227962
4498500
2253996
4498500
2297940
4498500
2226277
4498500
2209138
4498500
2255369
4498500
2262783
4498500
2277200
4498500
2266347
4498500
2250949
4498500
2229799
4498500
2220112
4498500
2283964
4498500
2265324
4498500
2191329
4498500
2231799
4498500
2221500
4498500
2246976
4498500
2185762
4498500
2304209
4498500
2203450
4498500
2216019
4498500
2216915
4498500
2220160
4498500
2228955
4498500
2238632
4498500
2252639
4498500
2176944
4498500
2190901
4498500
2243709
4498500
2262396
4498500
2243608
4498500
2261073
4498500
2255410
4498500
2259759
4498500
2202953
4498500
2256242
4498500
2195505
4498500
2216404
4498500
2267810
4498500
2274245
4498500
2274686
4498500
2226018
4498500
2261431
4498500
2226298
4498500
2270254
4498500
2225694
4498500
2295573
4498500
2220861
4498500
2230840
4498500
2275550
4498500
2320634
7998000
3970139
7998000
3990575
7998000
3995638
7998000
4016874
7998000
4045333
7998000
4013753
7998000
3960455
7998000
4101291
7998000
4042896
7998000
4010506
7998000
3949172
7998000
4070850
7998000
4020444
7998000
3946325
7998000
4013194
7998000
3991240
7998000
4074874
7998000
4027591
7998000
3996044
7998000
3989261
7998000
3933378
7998000
3969760
7998000
4023139
7998000
4003013
7998000
4015767
7998000
4012655
7998000
4026872
7998000
3892536
7998000
3966135
7998000
3947053
7998000
4003665
7998000
3995435
7998000
3997710
7998000
4088825
7998000
3967719
7998000
3927200
7998000
4029929
7998000
3974437
7998000
4029867
7998000
4000980
7998000
4027543
7998000
4016881
7998000
3987158
7998000
3933054
7998000
3947330
7998000
4017628
7998000
3901225
7998000
3983626
7998000
3999034
7998000
3939701
7998000
4005100
7998000
4038089
7998000
4034622
7998000
3989845
7998000
3931866
7998000
3967039
7998000
4032794
7998000
3953786
7998000
4085684
7998000
3959120
7998000
4053925
7998000
3953161
7998000
3969256
7998000
4099370
7998000
3975125
7998000
3998583
7998000
4034694
7998000
4004944
7998000
4006125
7998000
3915336
7998000
3985159
7998000
4059262
7998000
4025760
7998000
3951748
7998000
3985334
7998000
3969126
7998000
3933449
7998000
3988010
7998000
4064398
7998000
3983103
7998000
3976704
7998000
4016499
7998000
3986873
7998000
3981323
7998000
3969913
7998000
3972266
7998000
4004775
7998000
4100859
7998000
4076412
7998000
4012753
7998000
4000472
7998000
3988597
7998000
4078865
7998000
4007807
7998000
4037546
7998000
3996805
7998000
3992628
7998000
3975063
7998000
3981325
7998000
4057587
12497500
6230305
12497500
6249127
12497500
6299297
12497500
6215794
12497500
6287597
12497500
6195622
12497500
6193498
12497500
6237715
12497500
6107822
12497500
6236211
12497500
6225038
12497500
6215710
12497500
6357100
12497500
6151856
12497500
6236581
12497500
6234573
12497500
6192264
12497500
6227957
12497500
6268736
12497500
6304401
12497500
6243609
12497500
6199079
12497500
6290031
12497500
6284271
12497500
6278395
12497500
6182762
12497500
6253247
12497500
6259449
12497500
6239556
12497500
6192946
12497500
6319596
12497500
6239395
12497500
6270086
12497500
6230943
12497500
6277012
12497500
6246574
12497500
6336900
12497500
6206393
12497500
6202202
12497500
6353653
12497500
6235006
12497500
6309797
12497500
6227463
12497500
6224042
12497500
6262954
12497500
6233525
12497500
6263653
12497500
6312217
12497500
6189449
12497500
6276871
12497500
6221908
12497500
6190688
12497500
6124397
12497500
6155852
12497500
6196104
12497500
6162131
12497500
6312488
12497500
6284865
12497500
6167930
12497500
6149558
12497500
6251419
12497500
6352369
12497500
6145757
12497500
6276376
12497500
6263597
12497500
6263241
12497500
6190499
12497500
6214811
12497500
6361388
12497500
6348653
12497500
6244186
12497500
6197040
12497500
6174562
12497500
6394050
12497500
6201585
12497500
6180847
12497500
6199888
12497500
6189872
12497500
6181908
12497500
6309475
12497500
6197010
12497500
6139838
12497500
6249569
12497500
6266765
12497500
6295221
12497500
6299226
12497500
6139896
12497500
6289536
12497500
6266669
12497500
6316363
12497500
6262840
12497500
6355462
12497500
6193731
12497500
6195256
12497500
6247140
12497500
6192700
12497500
6281453
12497500
6217267
12497500
6252138
12497500
6247755
17997000
8820550
17997000
8982838
17997000
9138628
17997000
9023072
17997000
9046804
17997000
8966322
17997000
9117710
17997000
8936254
17997000
8982998
17997000
8962060
17997000
8969368
17997000
9041250
17997000
9051802
17997000
9046187
17997000
8939974
17997000
8998123
17997000
9082693
17997000
8966025
17997000
8983356
17997000
8966502
17997000
8968096
17997000
9012971
17997000
8919887
17997000
9078861
17997000
8963047
17997000
8851902
17997000
8848410
17997000
8986854
17997000
9037804
17997000
9040681
17997000
9046482
17997000
9093447
17997000
8930397
17997000
8993550
17997000
9059785
17997000
9057555
17997000
9075118
17997000
9091559
17997000
9060300
17997000
9050150
17997000
9081758
17997000
9024835
17997000
8855037
17997000
8854677
17997000
9071987
17997000
9105660
17997000
8977213
17997000
8974735
17997000
9059979
17997000
8937735
17997000
8838858
17997000
9081884
17997000
9015615
17997000
8901097
17997000
8953690
17997000
9104554
17997000
9062754
17997000
9144180
17997000
8999656
17997000
8960747
17997000
9071323
17997000
8979600
17997000
8979535
17997000
9065585
17997000
8836310
17997000
9094392
17997000
8934108
17997000
9035168
17997000
9005611
17997000
8932255
17997000
9061850
17997000
8999134
17997000
9030371
17997000
8988363
17997000
9132045
17997000
8976512
17997000
9051635
17997000
9104391
17997000
9199027
17997000
9011370
17997000
9060010
17997000
9004051
17997000
8995997
17997000
9054118
17997000
9085689
17997000
8877583
17997000
8841853
17997000
8942807
17997000
9023304
17997000
9008682
17997000
8863892
17997000
9052755
17997000
8992491
17997000
9078604
17997000
9053400
17997000
8850189
17997000
8832822
17997000
9059304
17997000
8980649
17997000
8947764
24496500
12275682
24496500
12053402
24496500
12140496
24496500
12134510
24496500
12299795
24496500
12372726
24496500
12260123
24496500
12372471
24496500
12070380
24496500
12351396
24496500
12342029
24496500
12315594
24496500
12294528
24496500
12203811
24496500
12238972
24496500
12230446
24496500
12361141
24496500
12199790
24496500
12352470
24496500
12251324
24496500
12221628
24496500
12237440
24496500
12301188
24496500
12403451
24496500
12285891
24496500
12262004
24496500
12186808
24496500
12444947
24496500
12180195
24496500
12246840
24496500
12403829
24496500
12230025
24496500
12322610
24496500
12186903
24496500
12310852
24496500
12204780
24496500
12398389
24496500
12240914
24496500
12341197
24496500
12226486
24496500
12104791
24496500
12134497
24496500
12280636
24496500
12199021
24496500
12258583
24496500
12226614
24496500
12260574
24496500
12115243
24496500
12437276
24496500
12180756
24496500
12298824
24496500
12136157
24496500
12245869
24496500
12372456
24496500
12213451
24496500
12346240
24496500
12178748
24496500
12397461
24496500
12273464
24496500
12395382
24496500
12267313
24496500
12290321
24496500
12220718
24496500
12234641
24496500
12237900
24496500
12328565
24496500
12254746
24496500
12236779
24496500
12180246
24496500
12241233
24496500
12341390
24496500
12460710
24496500
12215214
24496500
12232261
24496500
12222995
24496500
12259638
24496500
12166253
24496500
12247845
24496500
12329014
24496500
12309281
24496500
12213075
24496500
12165911
24496500
12457215
24496500
12268990
24496500
12232988
24496500
12218236
24496500
12371145
24496500
12190078
24496500
12293805
24496500
12360102
24496500
12404039
24496500
12323157
24496500
12149744
24496500
12222071
24496500
12251756
24496500
12252796
24496500
12375153
24496500
12356832
24496500
12205697
24496500
12348407
31996000
16083594
31996000
16178532
31996000
15931845
31996000
16112394
31996000
16103233
31996000
15900640
31996000
15881129
31996000
15971338
31996000
15984491
31996000
16070435
31996000
15911818
31996000
15841211
31996000
16334535
31996000
15919262
31996000
16319158
31996000
16113999
31996000
15836760
31996000
16004551
31996000
15980330
31996000
16055413
31996000
15842222
31996000
16021733
31996000
16237987
31996000
16188697
31996000
15922251
31996000
16004467
31996000
15812760
31996000
15836401
31996000
16045577
31996000
16206888
31996000
16050459
31996000
15932954
31996000
16000704
31996000
16033522
31996000
16040490
31996000
15965922
31996000
15859189
31996000
15895126
31996000
15924106
31996000
16064983
31996000
15952540
31996000
15871910
31996000
15896443
31996000
16151704
31996000
16213640
31996000
15812658
31996000
15843431
31996000
15957313
31996000
15884695
31996000
16306327
31996000
16041565
31996000
16229445
31996000
16014207
31996000
15928124
31996000
16401299
31996000
15926967
31996000
16065712
31996000
15877747
31996000
16005370
31996000
16055793
31996000
15918774
31996000
16025543
31996000
16042571
31996000
16116668
31996000
16044374
31996000
15851400
31996000
16208217
31996000
16237188
31996000
15989526
31996000
16101867
31996000
16051883
31996000
15760259
31996000
15937760
31996000
16201473
31996000
16088467
31996000
16137418
31996000
16032533
31996000
16158202
31996000
16001588
31996000
16055541
31996000
15961743
31996000
16003727
31996000
15892622
31996000
16081802
31996000
15848880
31996000
16017141
31996000
16037570
31996000
16035265
31996000
16156715
31996000
16136361
31996000
15923495
31996000
16007221
31996000
16012934
31996000
16203196
31996000
16223907
31996000
16033430
31996000
16067239
31996000
16082582
31996000
15834010
31996000
16006696
40495500
20420706
40495500
20094327
40495500
20081801
40495500
20214916
40495500
20337115
40495500
20081438
40495500
20164510
40495500
20070869
40495500
20217150
40495500
20307042
40495500
20127955
40495500
20283987
40495500
20287581
40495500
20132385
40495500
20200024
40495500
20229834
40495500
20266636
40495500
20447551
40495500
20322142
40495500
20079575
40495500
20100874
40495500
20080837
40495500
20377441
40495500
20004614
40495500
20269025
40495500
20176774
40495500
20216414
40495500
20368355
40495500
20212332
40495500
20180804
40495500
20317749
40495500
20438497
40495500
20166769
40495500
20398890
40495500
20230289
40495500
20302595
40495500
20196252
40495500
20515808
40495500
20428437
40495500
20347206
40495500
20233181
40495500
20387757
40495500
20202178
40495500
20290814
40495500
20207680
40495500
20213535
40495500
20195377
40495500
20180897
40495500
20193087
40495500
20417931
40495500
20384251
40495500
20228573
40495500
20203263
40495500
20483426
40495500
20241389
40495500
20207215
40495500
20214279
40495500
20230628
40495500
20362721
40495500
20175792
40495500
20381348
40495500
20279802
40495500
20215045
40495500
20043705
40495500
20477995
40495500
20257290
40495500
20354700
40495500
20164909
40495500
20334536
40495500
20508228
40495500
20119210
40495500
20523246
40495500
20274839
40495500
20385403
40495500
20504067
40495500
20342625
40495500
20340503
40495500
20225431
40495500
20082210
40495500
20321412
40495500
20111005
40495500
20359847
40495500
20013913
40495500
20242278
40495500
20326560
40495500
20413961
40495500
20161600
40495500
20115785
40495500
20294926
40495500
20294187
40495500
20295502
40495500
20234697
40495500
20167325
40495500
20150685
40495500
20063546
40495500
20267633
40495500
20245931
40495500
20174377
40495500
20263175
40495500
20366634
49995000
25102896
49995000
24998869
49995000
25019684
49995000
25019487
49995000
25033247
49995000
24882541
49995000
24598463
49995000
24983031
49995000
24933325
49995000
24974678
49995000
24923568
49995000
25469580
49995000
24946590
49995000
25005046
49995000
24924146
49995000
25219231
49995000
25290158
49995000
24729188
49995000
25171470
49995000
24850254
49995000
25221992
49995000
25114793
49995000
25133090
49995000
24699023
49995000
24825670
49995000
24995714
49995000
24932459
49995000
25112587
49995000
25228548
49995000
24916767
49995000
24822328
49995000
24960867
49995000
24724700
49995000
24882872
49995000
24972285
49995000
24716505
49995000
25285456
49995000
25106114
49995000
25012499
49995000
24920032
49995000
25068113
49995000
25243001
49995000
24914703
49995000
25142501
49995000
24888319
49995000
24900041
49995000
24961269
49995000
25325846
49995000
24999790
49995000
24576460
49995000
24969379
49995000
24883441
49995000
24873375
49995000
24969498
49995000
24982621
49995000
24678496
49995000
24658938
49995000
24919300
49995000
25108592
49995000
25041643
49995000
25430221
49995000
25027337
49995000
25190399
49995000
25246773
49995000
25329435
49995000
25036203
49995000
25029225
49995000
24871182
49995000
24892588
49995000
25032567
49995000
24916774
49995000
24868701
49995000
24817645
49995000
24965539
49995000
25027418
49995000
25245636
49995000
25060982
49995000
25231501
49995000
24765244
49995000
24889250
49995000
24787727
49995000
25018066
49995000
24729571
49995000
25252453
49995000
24944267
49995000
24806114
49995000
24974895
49995000
24550310
49995000
24967040
49995000
25012967
49995000
25192533
49995000
25123513
49995000
24688754
49995000
24777175
49995000
25047852
49995000
24902019
49995000
24991072
49995000
24965831
49995000
25345212
49995000
25040062
